618239
634879
593391
610047
91647
83560
600063
618495
609919
602111
82665
65743
533375
592111
2302
610047
83708
147515
527354
592111
592111
82682
92159
590015
525243
537520
602111
620031
91647
67054
543359
590062
98366
638975
533503
73341
544511
602111
604159
592127
606207
592111
535551
602111
592127
543999
593407
600063
543999
593407
525243
528414
543343
544382
544511
544511
83694
541295
602047
634879
85631
610047
524344
591935
191
526444
622591
66605
749567
602111
604159
651007
749567
362
537340
83710
67071
84093
609919
83967
92155
602111
9199
610047
543999
75774
602111
609519
527354
602111
75775
75774
75743
86266
650495
633087
591359
634367
94207
602047
