100 100
57 15 65665 1192 15 1050 10 39 2 11 519 36 16929 78 65600 4 45 70 15 1068 58 524332 142 45 13 1030 13 4610 21 389 1052 2116 204 66088 0 42 2625 8704 22 39 15 56 4 9 43 30 202 16396 78 513 268 515 39 198 1 130 297 67 150 27 30 102 15 15 44 106 132 15 139 73734 15 15 17410 16402 180 15 3 54 40963 46 23 524302 20 147496 33034 48 528394 8836 58 22 97 646 134 273 387 67 298 2070 525056 28
1 2
2 3
2 4
3 5
2 6
2 7
1 8
3 9
3 10
7 11
5 12
12 13
9 14
5 15
5 16
16 17
13 18
18 19
19 20
18 21
17 22
22 23
14 24
22 25
18 26
15 27
21 28
20 29
27 30
30 31
25 32
31 33
29 34
26 35
33 36
34 37
33 38
34 39
38 40
37 41
31 42
32 43
32 44
36 45
35 46
36 47
39 48
41 49
38 50
40 51
49 52
44 53
45 54
49 55
54 56
50 57
51 58
53 59
59 60
53 61
51 62
58 63
62 64
59 65
54 66
64 67
64 68
61 69
65 70
65 71
64 72
65 73
68 74
65 75
73 76
73 77
68 78
70 79
71 80
71 81
78 82
82 83
77 84
82 85
80 86
83 87
87 88
79 89
83 90
85 91
83 92
87 93
92 94
83 95
94 96
88 97
96 98
98 99
98 100
37 70
61 85
75 36
73 41
35 67
15 26
23 51
55 90
55 43
53 62
19 3
27 14
38 90
24 59
32 81
48 60
1 29
84 86
72 98
14 71
10 44
9 21
67 48
25 8
94 68
97 92
69 92
87 26
19 78
42 6
13 61
24 25
81 79
97 79
96 33
37 28
65 29
11 98
1 97
7 86
80 87
53 2
33 99
1 100
43 1
76 18
69 33
11 95
77 12
60 33
94 64
87 83
18 32
46 32
20 76
29 69
20 11
22 19
61 38
71 91
49 24
37 73
78 82
27 61
44 75
43 16
88 41
10 4
84 72
69 68
93 17
52 89
99 84
63 68
88 62
14 34
66 10
55 48
52 43
26 54
18 50
64 53
54 67
23 49
19 77
3 68
64 65
6 73
99 72
67 65
67 24
10 64
6 38
28 1
79 34
8 89
56 25
45 89
68 55
32 40